   9.9567170520509229E-003  -90.653113506701445       -1.9438766687920941     
   5.2453916298261793E-002  -90.652809452101280       -1.9440024626043013     
  0.12887931933547314       -90.651210777942808       -1.9446609873772296     
  0.23919797005459431       -90.646463715837399       -1.9466026563067880     
  0.38333696919167770       -90.635631666406979       -1.9509584699784361     
  0.56119884642369389       -90.614077363078067       -1.9593609265145497     
  0.77266287932947209       -90.574114761896013       -1.9742235793382203     
   1.0175854089478853       -90.502262253698689       -1.9993204336402972     
   1.2957999994886005       -90.374028520785515       -2.0409125261651564     
   1.6071175721013853       -90.144096552294585       -2.1099711227696698     
   1.9513265414208669       -89.728461772560479       -2.2265749689253722     
   2.3281929628862108       -88.971973744738023       -2.4285172066271179     
   2.7374606934262191       -87.591658743829427       -2.7876814185172512     
   3.1788515664162076       -85.087336164997254       -3.4375345529235606     
   3.6520655812113167       -80.637571645260493       -4.6018959799622055     
   4.1567811073188130       -73.098798863646223       -6.5509159722971475     
   4.6926551031631236       -61.417054571318786       -9.2657467357068910     
   5.2593233493421376       -45.719346170810390       -11.726119366060278     
   5.8564006962414981       -28.367298789391924       -11.972472914617736     
   6.4834813258527912       -13.199363494650887       -9.2169605676620847     
   7.1401390276258585       -2.8857603155259230       -5.2707684052176411     
   7.8259274881725567        2.6126684904640154       -2.3539370859277131     
   8.5403805946281768        4.9228568613377410      -0.89213481691271479     
   9.2830127514661793        5.6074293139691012      -0.30750229933385465     
   10.053319210552104        5.6012333515313424      -0.10068503124935001     
   10.850776414213199        5.3465478484660922       -3.2148117338849237E-002
   11.674842351091129        5.0249356627820729       -1.0179477099232134E-002
   12.524956924536179        4.7030687023524171       -3.2317528055386710E-003
   13.400542333292959        4.4022215644986042       -1.0352959180274653E-003
   14.301003464218898        4.1271663644539309       -3.3529802336686117E-004
   15.225728296768903        3.8772013253238939       -1.0967862451633586E-004
   16.174088318971187        3.6500892695850902       -3.6115989662253334E-005
   17.145438954611723        3.4433716740304465       -1.1930958589929798E-005
   18.139120001337005        3.2547635899388507       -3.9369243748439024E-006
   19.154456079377312        3.0822433007817280       -1.2941728476907114E-006
   20.190757090585663        2.9240480388587780       -4.2504818873608190E-007
   21.247318687480320        2.7786452292627906       -1.3834528639830575E-007
   22.323422751972195        2.6447004719764138       -4.6106074577765111E-008
   23.418337883451706        2.5210486203201703       -1.5424580000615296E-008
   24.531319895903401        2.4066690766150525       -5.9180484172460997E-009
   25.661612323710482        2.3006648412863218       -2.6032699101639820E-009
   26.808446935805385        2.2022450320212439       -1.5458143273554512E-009
   27.971044257817084        2.1107102448294355       -1.1373380715477987E-009
   29.148614101860094        2.0254400187735846       -9.6379930443210125E-010
   30.340356103605249        1.9458825563476845       -8.9424875468695311E-010
   31.545460266267035        1.8715456746977051       -8.4167930160728701E-010
   32.763107511137960        1.8019893177578108       -8.0824044532682238E-010
   33.992470234295567        1.7368190494040643       -7.6192377489323038E-010
   35.232712869103885        1.6756804931379898       -7.0750819198823559E-010
   36.482992454126901        1.6182545863509625       -6.3716908632341427E-010
   37.742459206068062        1.5642533883539376       -5.5792294351645929E-010
   39.010257097346482        1.5134165724325452       -4.7440359873529776E-010
   40.285524437917140        1.4655082824536885       -3.9414624241019377E-010
   41.567394460939809        1.4203144179441114       -3.2146034077541695E-010
   42.854995911898435        1.3776403085856117       -2.5792332046865983E-010
   44.147453640770806        1.3373086181272631       -2.0179245494046813E-010
   45.443889196845767        1.2991575047538519       -1.5279295994010579E-010
   46.743421425783929        1.2630391222355795       -1.1703852854779955E-010
   48.045167068515894        1.2288180718552739       -9.2150674186260098E-011
   49.348241361571063        1.1963702909426381       -7.3143837438049963E-011
   50.651758638428937        1.1655818355591807       -5.7464600997738612E-011
   51.954832931484106        1.1363479825981559       -4.2846084469655368E-011
   53.256578574216071        1.1085723371166101       -2.6829535177732769E-011
   54.556110803154233        1.0821660251838803       -1.0397855592720083E-011
   55.852546359229194        1.0570470581481433       -1.9919257544183436E-012
   57.145004088101558        1.0331396609284509       -2.6354217588198592E-013
   58.432605539060191        1.0103737382746916       -3.1732175152059245E-014
   59.714475562082860       0.98868439026092003       -3.7428214942842689E-015
   60.989742902653518       0.96801146390412030       -4.4174463481878530E-016
   62.257540793931931       0.94829910226559122       -5.2750955906538560E-017
   63.517007545873106       0.92949544840749432       -6.4255182493429430E-018
   64.767287130896108       0.91155231000591375       -8.0365606948775232E-019
   66.007529765704433       0.89442477306235901       -1.0376802364397585E-019
   67.236892488862040       0.87807106785397504       -1.3890599600092130E-020
   68.454539733732972       0.86245222468653271       -1.9334206029137353E-021
   69.659643896394755       0.84753189099873150       -2.8028387607968845E-022
   70.851385898139910       0.83327614877328582       -4.2338085794311205E-023
   72.028955742182916       0.81965327891586259       -6.6604282195892792E-024
   73.191553064194608       0.80663365042357404       -1.0899671354167956E-024
   74.338387676289514       0.79418953882512733       -1.8528626851106405E-025
   75.468680104096592       0.78229498495691385       -3.2671581378677947E-026
   76.581662116548287       0.77092567900529629       -5.9683897505410087E-027
   77.676577248027812       0.76005884922488065       -1.1284889795168694E-027
   78.752681312519684       0.74967313673274860       -2.2071270448119290E-028
   79.809242909414337       0.73974852358556697       -4.4639689875766563E-029
   80.845543920622688       0.73026621809693415       -9.3362674447303011E-030
   81.860879998662995       0.72120859065925513       -2.0196574174888866E-030
   82.854561045388280       0.71255908411774294       -4.5207122505393451E-031
   83.825911681028813       0.70430215344910663       -1.0475947473864621E-031
   84.774271703231094       0.69642320623583942       -2.5148573665446184E-032
   85.698996535781106       0.68890852980941331       -6.2585611150639018E-033
   86.599457666707053       0.68174526106306010       -1.6158651376949279E-033
   87.475043075463816       0.67492129831203640       -4.3315788217874327E-034
   88.325157648908871       0.66842529865263434       -1.2065505247048715E-034
   89.149223585786814       0.66224659877101599       -3.4950429822609959E-035
   89.946680789447896       0.65637520371987068       -1.0536943400097934E-035
   90.716987248533826       0.65080172745936304       -3.3088329624435257E-036
   91.459619405371811       0.64551738420625948       -1.0831016840822363E-036
   92.174072511827447       0.64051394741339418       -3.6984956763037415E-037
   92.859860972374136       0.63578372587295340       -1.3184400289086533E-037
   93.516518674147207       0.63131956581493964       -4.9100017279263084E-038
   94.143599303758506       0.62711480142335740       -1.9115431255629109E-038
   94.740676650657861       0.62316333009737535       -7.7848574153745392E-039
   95.307344896836881       0.61945956506279576       -3.3185729978705645E-039
   95.843218892681193       0.61599850595492212       -1.4816406120098979E-039
   96.347934418788682       0.61277582868737135       -6.9321590523088175E-040
   96.821148433583787       0.60978819197327194       -3.4006162512076919E-040
   97.262539306573785       0.60703311758509448       -1.7499479964226626E-040
   97.671807037113794       0.60450930063821717       -9.4508757436914006E-041
   98.048673458579131       0.60221726963255306       -5.3590089841115705E-041
   98.392882427898613       0.60016114822705957       -3.1917886267563084E-041
   98.704200000511406       0.59834506768153450       -1.9974577877787036E-041
   98.982414591052120       0.59677802779037203       -1.3138831529918177E-041
   99.227337120670541       0.59547383968206791       -9.0865319156997765E-042
   99.438801153576307       0.59443364245361252       -6.6086591793205210E-042
   99.616663030808311       0.59364318346014888       -5.0559021641293873E-042
   99.760802029945410       0.59307132515509553       -4.0694422638654814E-042
   99.871120680664532       0.59267911898223635       -3.4465726116532595E-042
   99.947546083701738       0.59242952139706839       -3.0718856066520172E-042
   99.990043282947951       0.59230017263778267       -2.8814530430085390E-042
 &
   9.9567170520509229E-003   5.5293400507139268E-006  -1.0921101405436673E-006
   5.2453916298261793E-002   1.5195931195677304E-004  -3.0391770677318242E-005
  0.12887931933547314        9.1994880136070378E-004  -1.8375378911861251E-004
  0.23919797005459431        3.1891599118125669E-003  -6.3596528770659688E-004
  0.38333696919167770        8.2992094887757162E-003  -1.6504594255715155E-003
  0.56119884642369389        1.8192180190482077E-002  -3.6067215293975607E-003
  0.77266287932947209        3.5617110483848080E-002  -7.0589009493980948E-003
   1.0175854089478853        6.4528391043197075E-002  -1.2846622987764178E-002
   1.2957999994886005       0.11070739067595525       -2.2272568399214432E-002
   1.6071175721013853       0.18289880525446733       -3.7413140101899112E-002
   1.9513265414208669       0.29409404396864858       -6.1555670476321822E-002
   2.3281929628862108       0.46228415404621614       -9.9466257798014546E-002
   2.7374606934262191       0.70715856666003418      -0.15627481641784047     
   3.1788515664162076        1.0330137207763102      -0.23011910127223789     
   3.6520655812113167        1.3755107335699535      -0.28420161158015222     
   4.1567811073188130        1.4937043909679559      -0.17617993295229128     
   4.6926551031631236       0.91249313835615098       0.38016038739512759     
   5.2593233493421376      -0.66846105751109519        1.3461228981720907     
   5.8564006962414981       -2.4950789147856698        1.5006647284195420     
   6.4834813258527912       -3.1864966476775130       0.25615503678690477     
   7.1401390276258585       -2.5457552333224776      -0.66877837178485366     
   7.8259274881725567       -1.5103453983539825      -0.64662794286989356     
   8.5403805946281768      -0.73640559853366905      -0.35781593555294344     
   9.2830127514661793      -0.30994870097339611      -0.15818527047601977     
   10.053319210552104      -0.11141109471581911       -6.2725494010458932E-002
   10.850776414213199       -2.9071905100053641E-002  -2.3473532213601989E-002
   11.674842351091129        1.5202368843061365E-003  -8.5016897246144012E-003
   12.524956924536179        1.1100550181208479E-002  -3.0202497242003143E-003
   13.400542333292959        1.2837748471850041E-002  -1.0601928860578477E-003
   14.301003464218898        1.1964364199663402E-002  -3.6894536974764035E-004
   15.225728296768903        1.0423277955918575E-002  -1.2748686295908633E-004
   16.174088318971187        8.8766864799405543E-003  -4.3730656200177498E-005
   17.145438954611723        7.5155636626438316E-003  -1.4888535933158153E-005
   18.139120001337005        6.3689217707421086E-003  -5.0237744647364543E-006
   19.154456079377312        5.4163922866237169E-003  -1.6791814283265262E-006
   20.190757090585663        4.6270321425745387E-003  -5.5865505821298767E-007
   21.247318687480320        3.9713721945957570E-003  -1.8354592276599871E-007
   22.323422751972195        3.4245704123356813E-003  -6.1647265541432543E-008
   23.418337883451706        2.9664206001875915E-003  -2.0712554428663074E-008
   24.531319895903401        2.5807489544373841E-003  -7.9709882368111422E-009
   25.661612323710482        2.2545435137351078E-003  -3.5054869318656118E-009
   26.808446935805385        1.9774087363169102E-003  -2.0831373959430264E-009
   27.971044257817084        1.7409360162424781E-003  -1.5375652670756586E-009
   29.148614101860094        1.5383631010161825E-003  -1.3071564352905426E-009
   30.340356103605249        1.3641065651748274E-003  -1.2173873138923830E-009
   31.545460266267035        1.2136717776668471E-003  -1.1482655296488940E-009
   32.763107511137960        1.0833097170879213E-003  -1.1046572214878033E-009
   33.992470234295567        9.6997759461758815E-004  -1.0424793493539828E-009
   35.232712869103885        8.7110809950075030E-004  -9.6901252369393633E-010
   36.482992454126901        7.8458495069910761E-004  -8.7349381557033916E-010
   37.742459206068062        7.0863265992748836E-004  -7.6572055029048803E-010
   39.010257097346482        6.4176757783229732E-004  -6.5197696084319251E-010
   40.285524437917140        5.8272716224261334E-004  -5.4257714408626941E-010
   41.567394460939809        5.3046296426162431E-004  -4.4337085358325967E-010
   42.854995911898435        4.8406621612506751E-004  -3.5648024387837457E-010
   44.147453640770806        4.4278450873136421E-004  -2.7946388315848986E-010
   45.443889196845767        4.0596501487943915E-004  -2.1200214239712298E-010
   46.743421425783929        3.7303375337549571E-004  -1.6276615631303593E-010
   48.045167068515894        3.4353206592874219E-004  -1.2849592114075113E-010
   49.348241361571063        3.1702531337496342E-004  -1.0224957747641385E-010
   50.651758638428937        2.9318175799319945E-004  -8.0489401173211563E-011
   51.954832931484106        2.7166789848076522E-004  -6.0086992293013485E-011
   53.256578574216071        2.5222906501209952E-004  -3.7647531898178924E-011
   54.556110803154233        2.3463192045014569E-004  -1.4593123305274069E-011
   55.852546359229194        2.1867262182834191E-004  -2.7955205762721890E-012
   57.145004088101558        2.0416483804841512E-004  -3.6980527286188727E-013
   58.432605539060191        1.9096336378526813E-004  -4.4516857991291979E-014
   59.714475562082860        1.7892606577302184E-004  -5.2492812532483278E-015
   60.989742902653518        1.6793221916883150E-004  -6.1933382095086360E-016
   62.257540793931931        1.5788177392844771E-004  -7.3929064482429922E-017
   63.517007545873106        1.4867980909838430E-004  -9.0012945478775480E-018
   64.767287130896108        1.4023084366809879E-004  -1.1252832081906723E-018
   66.007529765704433        1.3247253799769654E-004  -1.4522306434214129E-019
   67.236892488862040        1.2534104044076289E-004  -1.9429542897112738E-020
   68.454539733732972        1.1876890991080469E-004  -2.7029044763904148E-021
   69.659643896394755        1.1271382143202002E-004  -3.9161831589355806E-022
   70.851385898139910        1.0711844318816999E-004  -5.9123324834258335E-023
   72.028955742182916        1.0195216188862988E-004  -9.2960537585878357E-024
   73.191553064194608        9.7170131653889769E-005  -1.5205045650092824E-024
   74.338387676289514        9.2743270430184488E-005  -2.5834868278741383E-025
   75.468680104096592        8.8636320230595089E-005  -4.5533764878257315E-026
   76.581662116548287        8.4831206867863607E-005  -8.3144355151743036E-027
   77.676577248027812        8.1290600656425127E-005  -1.5714353164662301E-027
   78.752681312519684        7.8005824640403620E-005  -3.0722803676949803E-028
   79.809242909414337        7.4948644568362255E-005  -6.2115352285637325E-029
   80.845543920622688        7.2101175378647131E-005  -1.2986869656069620E-029
   81.860879998662995        6.9452390392577001E-005  -2.8084759608336407E-030
   82.854561045388280        6.6982614509603078E-005  -6.2844804323762117E-031
   83.825911681028813        6.4682672044180656E-005  -1.4559030276895667E-031
   84.774271703231094        6.2532831037354075E-005  -3.4941030451597300E-032
   85.698996535781106        6.0533902164650044E-005  -8.6933307431096538E-033
   86.599457666707053        5.8663527865432386E-005  -2.2439435604656131E-033
   87.475043075463816        5.6923409472608988E-005  -6.0138636438046930E-034
   88.325157648908871        5.5293923520272070E-005  -1.6747829900002986E-034
   89.149223585786814        5.3777961777967676E-005  -4.8503838374328529E-035
   89.946680789447896        5.2366064214603991E-005  -1.4620204828101493E-035
   90.716987248533826        5.1055434033775438E-005  -4.5902183545918130E-036
   91.459619405371811        4.9851485683927166E-005  -1.5022828950311994E-036
   92.174072511827447        4.8751074162078911E-005  -5.1290358814887929E-037
   92.859860972374136        4.7793088663150574E-005  -1.8281134196141549E-037
   93.516518674147207        4.7003712890458793E-005  -6.8070730797478017E-038
   94.143599303758506        4.6454951682928236E-005  -2.6497362225359015E-038
   94.740676650657861        4.6293155179788492E-005  -1.0789781238048231E-038
   95.307344896836881        4.6779566579335796E-005  -4.5989676274598934E-039
   95.843218892681193        4.8215627219350132E-005  -2.0530632519900651E-039
   96.347934418788682        5.1153726553065937E-005  -9.6046568754056698E-040
   96.821148433583787        5.6664800734906873E-005  -4.7111634300738633E-040
   97.262539306573785        6.5973854993017778E-005  -2.4241314109119396E-040
   97.671807037113794        8.0575032909868671E-005  -1.3090816791605715E-040
   98.048673458579131        1.0303739427086622E-004  -7.4224281266886768E-041
   98.392882427898613        1.3827125594828571E-004  -4.4204406647371634E-041
   98.704200000511406        1.8845353595470238E-004  -2.7661901912199861E-041
   98.982414591052120        2.5722406285150212E-004  -1.8194376402191474E-041
   99.227337120670541        3.5121202648341621E-004  -1.2582228716929458E-041
   99.438801153576307        4.5876048458975971E-004  -9.1507084056294291E-042
   99.616663030808311        5.5895064569200237E-004  -7.0004328625350055E-042
   99.760802029945410        6.3215860449783445E-004  -5.6344159502369046E-042
   99.871120680664532        6.6969931261995352E-004  -4.7719086227236364E-042
   99.947546083701738        6.8285340554030682E-004  -4.2530772877093394E-042
   99.990043282947951        6.8381965635744280E-004  -3.9893872996466005E-042
 &
   9.9567170520509229E-003   5.5293400507139268E-006  -1.0921101405436673E-006
   5.2453916298261793E-002   1.5195931195677304E-004  -3.0391770677318242E-005
  0.12887931933547314        9.1994880136070378E-004  -1.8375378911861251E-004
  0.23919797005459431        3.1891599118125669E-003  -6.3596528770659688E-004
  0.38333696919167770        8.2992094887757162E-003  -1.6504594255715155E-003
  0.56119884642369389        1.8192180190482077E-002  -3.6067215293975607E-003
  0.77266287932947209        3.5617110483848080E-002  -7.0589009493980948E-003
   1.0175854089478853        6.4528391043197075E-002  -1.2846622987764178E-002
   1.2957999994886005       0.11070739067595525       -2.2272568399214432E-002
   1.6071175721013853       0.18289880525446733       -3.7413140101899112E-002
   1.9513265414208669       0.29409404396864858       -6.1555670476321822E-002
   2.3281929628862108       0.46228415404621614       -9.9466257798014546E-002
   2.7374606934262191       0.70715856666003418      -0.15627481641784047     
   3.1788515664162076        1.0330137207763102      -0.23011910127223789     
   3.6520655812113167        1.3755107335699535      -0.28420161158015222     
   4.1567811073188130        1.4937043909679559      -0.17617993295229128     
   4.6926551031631236       0.91249313835615098       0.38016038739512759     
   5.2593233493421376      -0.66846105751109519        1.3461228981720907     
   5.8564006962414981       -2.4950789147856698        1.5006647284195420     
   6.4834813258527912       -3.1864966476775130       0.25615503678690477     
   7.1401390276258585       -2.5457552333224776      -0.66877837178485366     
   7.8259274881725567       -1.5103453983539825      -0.64662794286989356     
   8.5403805946281768      -0.73640559853366905      -0.35781593555294344     
   9.2830127514661793      -0.30994870097339611      -0.15818527047601977     
   10.053319210552104      -0.11141109471581911       -6.2725494010458932E-002
   10.850776414213199       -2.9071905100053641E-002  -2.3473532213601989E-002
   11.674842351091129        1.5202368843061365E-003  -8.5016897246144012E-003
   12.524956924536179        1.1100550181208479E-002  -3.0202497242003143E-003
   13.400542333292959        1.2837748471850041E-002  -1.0601928860578477E-003
   14.301003464218898        1.1964364199663402E-002  -3.6894536974764035E-004
   15.225728296768903        1.0423277955918575E-002  -1.2748686295908633E-004
   16.174088318971187        8.8766864799405543E-003  -4.3730656200177498E-005
   17.145438954611723        7.5155636626438316E-003  -1.4888535933158153E-005
   18.139120001337005        6.3689217707421086E-003  -5.0237744647364543E-006
   19.154456079377312        5.4163922866237169E-003  -1.6791814283265262E-006
   20.190757090585663        4.6270321425745387E-003  -5.5865505821298767E-007
   21.247318687480320        3.9713721945957570E-003  -1.8354592276599871E-007
   22.323422751972195        3.4245704123356813E-003  -6.1647265541432543E-008
   23.418337883451706        2.9664206001875915E-003  -2.0712554428663074E-008
   24.531319895903401        2.5807489544373841E-003  -7.9709882368111422E-009
   25.661612323710482        2.2545435137351078E-003  -3.5054869318656118E-009
   26.808446935805385        1.9774087363169102E-003  -2.0831373959430264E-009
   27.971044257817084        1.7409360162424781E-003  -1.5375652670756586E-009
   29.148614101860094        1.5383631010161825E-003  -1.3071564352905426E-009
   30.340356103605249        1.3641065651748274E-003  -1.2173873138923830E-009
   31.545460266267035        1.2136717776668471E-003  -1.1482655296488940E-009
   32.763107511137960        1.0833097170879213E-003  -1.1046572214878033E-009
   33.992470234295567        9.6997759461758815E-004  -1.0424793493539828E-009
   35.232712869103885        8.7110809950075030E-004  -9.6901252369393633E-010
   36.482992454126901        7.8458495069910761E-004  -8.7349381557033916E-010
   37.742459206068062        7.0863265992748836E-004  -7.6572055029048803E-010
   39.010257097346482        6.4176757783229732E-004  -6.5197696084319251E-010
   40.285524437917140        5.8272716224261334E-004  -5.4257714408626941E-010
   41.567394460939809        5.3046296426162431E-004  -4.4337085358325967E-010
   42.854995911898435        4.8406621612506751E-004  -3.5648024387837457E-010
   44.147453640770806        4.4278450873136421E-004  -2.7946388315848986E-010
   45.443889196845767        4.0596501487943915E-004  -2.1200214239712298E-010
   46.743421425783929        3.7303375337549571E-004  -1.6276615631303593E-010
   48.045167068515894        3.4353206592874219E-004  -1.2849592114075113E-010
   49.348241361571063        3.1702531337496342E-004  -1.0224957747641385E-010
   50.651758638428937        2.9318175799319945E-004  -8.0489401173211563E-011
   51.954832931484106        2.7166789848076522E-004  -6.0086992293013485E-011
   53.256578574216071        2.5222906501209952E-004  -3.7647531898178924E-011
   54.556110803154233        2.3463192045014569E-004  -1.4593123305274069E-011
   55.852546359229194        2.1867262182834191E-004  -2.7955205762721890E-012
   57.145004088101558        2.0416483804841512E-004  -3.6980527286188727E-013
   58.432605539060191        1.9096336378526813E-004  -4.4516857991291979E-014
   59.714475562082860        1.7892606577302184E-004  -5.2492812532483278E-015
   60.989742902653518        1.6793221916883150E-004  -6.1933382095086360E-016
   62.257540793931931        1.5788177392844771E-004  -7.3929064482429922E-017
   63.517007545873106        1.4867980909838430E-004  -9.0012945478775480E-018
   64.767287130896108        1.4023084366809879E-004  -1.1252832081906723E-018
   66.007529765704433        1.3247253799769654E-004  -1.4522306434214129E-019
   67.236892488862040        1.2534104044076289E-004  -1.9429542897112738E-020
   68.454539733732972        1.1876890991080469E-004  -2.7029044763904148E-021
   69.659643896394755        1.1271382143202002E-004  -3.9161831589355806E-022
   70.851385898139910        1.0711844318816999E-004  -5.9123324834258335E-023
   72.028955742182916        1.0195216188862988E-004  -9.2960537585878357E-024
   73.191553064194608        9.7170131653889769E-005  -1.5205045650092824E-024
   74.338387676289514        9.2743270430184488E-005  -2.5834868278741383E-025
   75.468680104096592        8.8636320230595089E-005  -4.5533764878257315E-026
   76.581662116548287        8.4831206867863607E-005  -8.3144355151743036E-027
   77.676577248027812        8.1290600656425127E-005  -1.5714353164662301E-027
   78.752681312519684        7.8005824640403620E-005  -3.0722803676949803E-028
   79.809242909414337        7.4948644568362255E-005  -6.2115352285637325E-029
   80.845543920622688        7.2101175378647131E-005  -1.2986869656069620E-029
   81.860879998662995        6.9452390392577001E-005  -2.8084759608336407E-030
   82.854561045388280        6.6982614509603078E-005  -6.2844804323762117E-031
   83.825911681028813        6.4682672044180656E-005  -1.4559030276895667E-031
   84.774271703231094        6.2532831037354075E-005  -3.4941030451597300E-032
   85.698996535781106        6.0533902164650044E-005  -8.6933307431096538E-033
   86.599457666707053        5.8663527865432386E-005  -2.2439435604656131E-033
   87.475043075463816        5.6923409472608988E-005  -6.0138636438046930E-034
   88.325157648908871        5.5293923520272070E-005  -1.6747829900002986E-034
   89.149223585786814        5.3777961777967676E-005  -4.8503838374328529E-035
   89.946680789447896        5.2366064214603991E-005  -1.4620204828101493E-035
   90.716987248533826        5.1055434033775438E-005  -4.5902183545918130E-036
   91.459619405371811        4.9851485683927166E-005  -1.5022828950311994E-036
   92.174072511827447        4.8751074162078911E-005  -5.1290358814887929E-037
   92.859860972374136        4.7793088663150574E-005  -1.8281134196141549E-037
   93.516518674147207        4.7003712890458793E-005  -6.8070730797478017E-038
   94.143599303758506        4.6454951682928236E-005  -2.6497362225359015E-038
   94.740676650657861        4.6293155179788492E-005  -1.0789781238048231E-038
   95.307344896836881        4.6779566579335796E-005  -4.5989676274598934E-039
   95.843218892681193        4.8215627219350132E-005  -2.0530632519900651E-039
   96.347934418788682        5.1153726553065937E-005  -9.6046568754056698E-040
   96.821148433583787        5.6664800734906873E-005  -4.7111634300738633E-040
   97.262539306573785        6.5973854993017778E-005  -2.4241314109119396E-040
   97.671807037113794        8.0575032909868671E-005  -1.3090816791605715E-040
   98.048673458579131        1.0303739427086622E-004  -7.4224281266886768E-041
   98.392882427898613        1.3827125594828571E-004  -4.4204406647371634E-041
   98.704200000511406        1.8845353595470238E-004  -2.7661901912199861E-041
   98.982414591052120        2.5722406285150212E-004  -1.8194376402191474E-041
   99.227337120670541        3.5121202648341621E-004  -1.2582228716929458E-041
   99.438801153576307        4.5876048458975971E-004  -9.1507084056294291E-042
   99.616663030808311        5.5895064569200237E-004  -7.0004328625350055E-042
   99.760802029945410        6.3215860449783445E-004  -5.6344159502369046E-042
   99.871120680664532        6.6969931261995352E-004  -4.7719086227236364E-042
   99.947546083701738        6.8285340554030682E-004  -4.2530772877093394E-042
   99.990043282947951        6.8381965635744280E-004  -3.9893872996466005E-042
 &
   9.9567170520509229E-003  -90.653109596859821       -1.9438774410305819     
   5.2453916298261793E-002  -90.652702000633610       -1.9440239528314411     
  0.12887931933547314       -90.650560275899252       -1.9447909209275855     
  0.23919797005459431       -90.644208639229674       -1.9470523516743259     
  0.38333696919167770       -90.629763239091218       -1.9521255210303328     
  0.56119884642369389       -90.601213549093089       -1.9619112637658400     
  0.77266287932947209       -90.548929661538892       -1.9792149760672659     
   1.0175854089478853       -90.456633790805284       -2.0084043678702939     
   1.2957999994886005       -90.295746574103433       -2.0566616103146842     
   1.6071175721013853       -90.014767566820652       -2.1364262078412066     
   1.9513265414208669       -89.520505879756229       -2.2701014009396663     
   2.3281929628862108       -88.645089484569468       -2.4988504720153455     
   2.7374606934262191       -87.091622125962772       -2.8981844009349911     
   3.1788515664162076       -84.356885157970552       -3.6002533299137167     
   3.6520655812113167       -79.664938677951554       -4.8028568667346807     
   4.1567811073188130       -72.042590359698181       -6.6754939975967087     
   4.6926551031631236       -60.771824485394873       -8.9969327478412993     
   5.2593233493421376       -46.192019517529907       -10.774266736452313     
   5.8564006962414981       -30.131586009627199       -10.911342708864819     
   6.4834813258527912       -15.452556882447118       -9.0358316041149838     
   7.1401390276258585       -4.6858811042450785       -5.7436661270176144     
   7.8259274881725567        1.5446930173579556       -2.8111720892357250     
   8.5403805946281768        4.4021394689144566       -1.1451488913588106     
   9.2830127514661793        5.3882624856941757      -0.41935617677127662     
   10.053319210552104        5.5224538109614398      -0.14503865341742175     
   10.850776414213199        5.3259909072306755       -4.8746411145488104E-002
   11.674842351091129        5.0260106325946197       -1.6191079555050978E-002
   12.524956924536179        4.7109179766629143       -5.3673918663975171E-003
   13.400542333292959        4.4112992235005191       -1.7849654971247074E-003
   14.301003464218898        4.1356264475142570       -5.9618179620279628E-004
   15.225728296768903        3.8845716958507435       -1.9982544982690605E-004
   16.174088318971187        3.6563660347914313       -6.7038233207136427E-005
   17.145438954611723        3.4486859800625407       -2.2458743310205525E-005
   18.139120001337005        3.2592670977134910       -7.4892693660108713E-006
   19.154456079377312        3.0860732684987773       -2.4815334225029120E-006
   20.190757090585663        2.9273198446650892       -8.2007696874265147E-007
   21.247318687480320        2.7814534134736566       -2.6813185304528588E-007
   22.323422751972195        2.6471220089390100       -8.9697274083719903E-008
   23.418337883451706        2.5231461964437321       -3.0070567692818426E-008
   24.531319895903401        2.4084939417025324       -1.1554388252253469E-008
   25.661612323710482        2.3022590442945661       -5.0820234910469847E-009
   26.808446935805385        2.2036432711490219       -3.0188149061700524E-009
   27.971044257817084        2.1119412724932354       -2.2245608984139030E-009
   29.148614101860094        2.0265278057552991       -1.8880984838976796E-009
   30.340356103605249        1.9468471253511983       -1.7550715796707346E-009
   31.545460266267035        1.8724038702428065       -1.6536256442247834E-009
   32.763107511137960        1.8027553334058311       -1.5893510575275390E-009
   33.992470234295567        1.7375049271397252       -1.4990679920683722E-009
   35.232712869103885        1.6762964595831689       -1.3927035185469087E-009
   36.482992454126901        1.6188093716908645       -1.2548224866377130E-009
   37.742459206068062        1.5647544673139602       -1.0993691371207588E-009
   39.010257097346482        1.5138703706395671       -9.3542092892491612E-010
   40.285524437917140        1.4659203327824577       -7.7780622031042583E-010
   41.567394460939809        1.4206895119040517       -6.3497087792460821E-010
   42.854995911898435        1.3779825950902973       -5.0999291827409302E-010
   44.147453640770806        1.3376217140566906       -3.9940326181856152E-010
   45.443889196845767        1.2994445653694766       -3.0270111245518774E-010
   46.743421425783929        1.2633028969328628       -2.3213158142441697E-010
   48.045167068515894        1.2290609857092891       -1.8301101137969719E-010
   49.348241361571063        1.1965944616921587       -1.4544520704508155E-010
   50.651758638428937        1.1657891463689869       -1.1437920238096103E-010
   51.954832931484106        1.1365400808119963       -8.5334004181149092E-011
   53.256578574216071        1.1087506899994721       -5.3450360277871960E-011
   54.556110803154233        1.0823319350064791       -2.0716752040570831E-011
   55.852546359229194        1.0572016830424507       -3.9686573108469363E-012
   57.145004088101558        1.0332840272704547       -5.2503399204116836E-013
   58.432605539060191        1.0105087697647104       -6.3210347314820374E-014
   59.714475562082860       0.98881091009587596       -7.4546238648115842E-015
   60.989742902653518       0.96813020991558030       -8.7967977943131655E-016
   62.257540793931931       0.94841074153905769       -1.0502669872884236E-016
   63.517007545873106       0.92960058090921904       -1.2790394663604662E-017
   64.767287130896108       0.91165146818687959       -1.5993514567547310E-018
   66.007529765704433       0.89451844529276581       -2.0645623722499436E-019
   67.236892488862040       0.87815969735409072       -2.7629361137995475E-020
   68.454539733732972       0.86253620698857558       -3.8446626870688743E-021
   69.659643896394755       0.84761159170664246       -5.5719984288487911E-022
   70.851385898139910       0.83335189295128986       -8.4144589710910364E-023
   72.028955742182916       0.81972536998131906       -1.3233730870561439E-023
   73.191553064194608       0.80670236008301688       -2.1651262241599624E-024
   74.338387676289514       0.79425511822097328       -3.6796637402065686E-025
   75.468680104096592       0.78235766030041720       -6.4868815297047594E-026
   76.581662116548287       0.77098566372733179       -1.1847583485059033E-026
   77.676577248027812       0.76011633036024873       -2.2396615479861706E-027
   78.752681312519684       0.74972829518071582       -4.3795573265153516E-028
   79.809242909414337       0.73980152028076851       -8.8561876692732090E-029
   80.845543920622688       0.73031720132735756       -1.8519371044922952E-029
   81.860879998662995       0.72125770091584818       -4.0055498141937612E-030
   82.854561045388280       0.71260644797905659       -8.9645109805067353E-031
   83.825911681028813       0.70434789100550244       -2.0770736510157823E-031
   84.774271703231094       0.69646742362507674       -4.9855613239416314E-032
   85.698996535781106       0.68895133374248574       -1.2405674234614235E-032
   86.599457666707053       0.68178674244177828       -3.2025728459000510E-033
   87.475043075463816       0.67496154924123541       -8.5840225854529778E-034
   88.325157648908871       0.66846439736126317       -2.3908009339499654E-034
   89.149223585786814       0.66228462553281386       -6.9247822850673997E-035
   89.946680789447896       0.65641223211932398       -2.0874989376384811E-035
   90.716987248533826       0.65083782910332499       -6.5546074881023588E-036
   91.459619405371811       0.64555263453017597       -2.1453761064193571E-036
   92.174072511827447       0.64054841962885900       -7.3252717290535906E-037
   92.859860972374136       0.63581752069037323       -2.6111114246959517E-037
   93.516518674147207       0.63135280245939540       -9.7233292626483817E-038
   94.143599303758506       0.62714765003503969       -3.7851895768736758E-038
   94.740676650657861       0.62319606430165120       -1.5414384896317837E-038
   95.307344896836881       0.61949264321186881       -6.5705341937048676E-039
   95.843218892681193       0.61603259955220979       -2.9333755596969798E-039
   96.347934418788682       0.61281199983462042       -1.3723677059878172E-039
   96.821148433583787       0.60982826003844492       -6.7319118598910001E-040
   97.262539306573785       0.60707976814565823       -3.4640677555658101E-040
   97.671807037113794       0.60456627579069799       -1.8707481068306535E-040
   98.048673458579131       0.60229012807307247       -1.0607458245362904E-040
   98.392882427898613       0.60025892077009757       -6.3175121966247313E-041
   98.704200000511406       0.59847832445505922       -3.9534496300420705E-041
   98.982414591052120       0.59695991266981041       -2.6004198463368288E-041
   99.227337120670541       0.59572218408793964       -1.7983511163880716E-041
   99.438801153576307       0.59475803510351677       -1.3079187145601838E-041
   99.616663030808311       0.59403842125237627       -1.0005955712469050E-041
   99.760802029945410       0.59351832879143074       -8.0535759903036456E-042
   99.871120680664532       0.59315266790785492       -6.8208215579837066E-042
   99.947546083701738       0.59291237167099109       -6.0792653977017833E-042
   99.990043282947951       0.59278370615421028       -5.7023758553681426E-042
 &
